10,129
10,173
10,139
10,73
10,109
10,65
10,221
11,21
11,29
11,15
11,5
11,23
9,5
8,11
8,12
8,10
8,18
8,14
48,3
48,2
48,1
48,0
46,4
46,3
46,2
46,1
46,0
45,5
45,4
45,3
45,2
45,1
45,0
44,4
44,3
44,2
44,1
44,0
42,3
42,2
42,1
42,0
41,5
41,4
41,1
41,3
41,2
32,4
32,3
32,2
32,1
27,1
27,3
24,3
24,1
20,3
20,2
20,1
19,3
19,2
19,1
12,3
12,2
12,1
11,26
11,22
11,16
11,14
11,10
11,3
11,2
11,1
10,294
10,268
10,260
10,246
10,228
10,208
18,1
10,106
18,3
10,68
10,3
14,1
10,2
10,1
9,7
9,6
9,4
9,3
14,3
13,1
9,2
9,1
8,17
13,3
8,16
8,13
8,9
8,8
8,6
8,5
